0	file0	5.648650373985813E-5	1.2175991525867821E-4	1.0909561564059666E-4	0.11068536678672128	8.885781569492402E-5	0.6462081635309448	1.6557511521485678E-4	8.919830059059581E-5	8.502664219362511E-5	2.2530113948339387E-4	1.1469707952360515E-4	0.004059035229562231	0.23727322016743935	1.1691816982112551E-4	1.3836345217039438E-4	4.749082120121152E-5	1.2539226269554288E-4	7.41146349764722E-5	1.3245853684708261E-4	8.347828028041563E-5
1	file1	0.016974377394393236	0.11563283463542251	0.07864046831372558	0.6005744597232028	0.03034345075530068	0.005674876669830133	6.384523624737592E-5	3.439458016792639E-5	3.278600199751516E-5	0.03758807345062412	4.422682798418228E-5	2.4005910982812963E-5	0.02111283607849917	0.02367597519519956	5.335250578179081E-5	1.8312309160943143E-5	4.835085649797946E-5	2.8578366823544965E-5	0.06940260622957509	3.218895858300797E-5
2	file2	4.967057195290027E-5	1.0706778135336588E-4	9.593161671641136E-5	0.7709436277309277	0.002421141326004338	5.4756424835468334E-5	0.003660104308863953	0.04576704283654754	7.4766920757602E-5	0.07400278908938204	1.0085718116847749E-4	5.474434010899089E-5	0.03174578152705781	1.0281026408444186E-4	0.03526675064810689	4.1760351506985E-5	1.1026183237043052E-4	6.517160853707047E-5	0.009488497533953628	0.025846466105764063
3	file3	2.2461815013960265E-5	4.841773718641515E-5	0.0016326977901137984	0.1663912836087103	0.0053330542490750464	2.4761717796331795E-5	0.4789797294162261	3.546963601522805E-5	0.08956527889109146	8.959082581596441E-5	4.560920595768456E-5	0.001614072254878127	5.2098426492708095E-5	0.007993072430743202	5.502012094176291E-5	1.888468873193805E-5	4.986213736683765E-5	5.592436285808621E-4	0.24692642434428716	5.629670749751043E-4
4	file4	3.060834074389727E-4	2.6836216033542308E-5	2.404497000037688E-5	0.48011474704636203	1.958450392472418E-5	1.372453251141226E-5	0.11895811278505057	0.11600494284173685	1.8740102879237153E-5	0.0018114587546343268	0.006485219376888077	1.3721503511218592E-5	0.0023779453189094932	0.22171915866948555	3.049568066553622E-5	1.0467105981951706E-5	0.030565534168888825	1.6335066850615106E-5	2.9194221290014235E-5	0.021453653726956668
5	file5	3.1721442891789585E-5	6.837739889470102E-5	6.126543708963683E-5	0.20206496127847262	4.9900382205223315E-5	3.4969454449284976E-5	9.298294661284612E-5	0.13920868582156795	0.0075293937397504195	0.0659649983153279	6.441108259628015E-5	3.496173670121514E-5	7.357541052285425E-5	0.5836339567822676	7.770154029265909E-5	2.666968696728556E-5	8.185817217433282E-4	4.162097147451985E-5	7.438548385779931E-5	4.687936631403663E-5
6	file6	5.717201542396213E-5	0.014955941998972712	1.1041958356664439E-4	0.15922359631379554	8.993618073524158E-5	0.00545673665319038	1.6758450982351194E-4	9.028079770421922E-5	0.005479769212239353	0.17147835007078266	1.1608902596993045E-4	0.03781898694067417	0.3251036756745833	0.27789443809784714	1.4004261014328979E-4	4.806716263970902E-5	0.0014753416791578606	7.501407900072015E-5	1.3406603365881964E-4	8.449136009085456E-5
7	file7	6.821383621134177E-6	0.23168967700094562	1.3174528363369097E-5	0.5270735845819415	1.0730585333845206E-5	7.519836491488575E-6	1.999506615236061E-5	0.0032284796626671462	1.7115332583823696E-4	0.05022345183346486	0.06822925971903886	0.015613401782549071	0.0767581565112552	9.794315781555282E-4	0.00934806203415996	5.735053303849065E-6	0.0011413403186236561	8.950179664918936E-6	1.5995865098843457E-5	0.015455079153330572
8	file8	1.9974999129702518E-5	0.07495103081854076	3.857885836785464E-5	0.185659144768803	3.142228096374357E-5	2.2020272677174933E-5	5.855138065455111E-5	9.737813457755758E-4	5.011868155416891E-4	0.058027349609698985	0.008991826952311486	0.3693795705586243	0.1253640723756498	0.10557207514510726	0.06129444164655083	1.679390738240512E-5	4.43417484245448E-5	2.6208734319462242E-5	0.008526988504299386	5.006392771772817E-4
9	file9	3.0380400238184443E-5	0.3182072005353067	5.8675404706518755E-5	0.25872726683374414	4.779081420112335E-5	0.05592325163810395	8.905203786159284E-5	4.797393878346967E-5	4.5730276255857346E-5	8.377101560739237E-4	7.782234577110456E-4	0.012214585364418886	7.870003582849899E-4	0.30387388864650255	0.04163346936965502	2.5542210266322366E-5	6.744030653775642E-5	3.9861420428175086E-5	7.124079378166834E-5	0.006493716037138049
10	file10	1.8477704112011815E-5	0.012242368488575416	3.568704685650945E-5	0.343013769842432	2.90669154177431E-5	2.0369667120016355E-5	5.4162459785833316E-5	2.917829386640416E-5	2.7813672861170602E-5	0.00878979896099326	0.24888214852610602	2.0365171540615004E-5	0.3809363880163659	0.005703710349827536	4.526105812629761E-5	1.553506207843495E-5	4.101795959428445E-5	2.424416816045012E-5	4.332945905524996E-5	2.7307177125085505E-5
11	file11	4.745501676337623E-4	4.1606733680630844E-5	3.727919994063279E-5	0.6387499191490673	3.0363715884713387E-5	2.127844582782317E-5	0.03055820114148047	3.0480063406362012E-5	0.03781464631662967	0.011913438365095034	0.056034708776824475	2.1273749681234583E-5	0.20126442695658583	0.016884131712192083	0.005055009377032103	1.6228148202923733E-5	4.284794768870629E-5	2.5325805071003978E-5	9.557587599986171E-4	2.852546807679189E-5
12	file12	1.5533027929884197E-5	3.3482337182055716E-5	2.9999825313627297E-5	0.13704583759750597	2.443470283333956E-5	1.7123480621814576E-5	0.0077389532454849915	0.3770022219279376	0.2359549989426841	0.004824549548113877	0.09711520274043636	1.7119701474796154E-5	0.1275270260631537	3.215092238149996E-5	3.8048086263859275E-5	1.3059336359864564E-5	3.4481183817133434E-5	2.038052665473054E-5	0.01249244140082007	2.2955403030537322E-5
13	file13	1.7147515089411845E-5	3.6962457329615844E-5	3.3117976711767794E-5	0.5168966342656073	2.6974421048575823E-5	1.8903277820089893E-5	0.10924686256315765	0.15492447590252797	2.581139800635978E-5	0.00775259942528938	0.03522038925645505	0.025498105585312254	0.09912557529826642	0.04290526863790567	0.006917344196697456	4.1884855940799837E-4	3.806512307027618E-5	2.2498857912293578E-5	4.021022029912004E-5	8.342050620855161E-4
14	file14	1.4345296506411826E-5	0.008827768987518575	2.770589167850361E-5	0.2886316280027105	2.2566305730767482E-5	1.581413539269665E-5	4.204940940900206E-5	2.265277517852904E-5	2.1593341992442495E-5	0.10088261619901595	0.011871037691178131	0.0054292548753054936	0.5816401872654617	2.96925053247289E-5	0.002403520593825391	1.2060755514306139E-5	3.1844583553295396E-5	1.8822131727224594E-5	3.363913253735482E-5	2.12001204390867E-5
15	file15	1.2373480178977643E-5	2.6671749857022327E-5	0.06160089064904465	0.36744273826036017	1.9464479981128186E-5	1.3640421495766283E-5	0.030970683120550943	0.041751813967095375	0.07647915689473565	0.054622327532918354	0.05080425632217171	0.1001127303607537	0.11588683314360819	0.09924920183495653	9.058110580988919E-4	1.0402958156567928E-5	2.746742273527645E-5	1.6234957133777197E-5	2.9015304040799762E-5	1.828608212648173E-5
16	file16	9.914179065254812E-6	2.1370584527662947E-5	0.2322127035836266	0.060113328975905926	0.008433489061708644	1.0929308430488104E-5	0.003770346664298947	1.5655561343365452E-5	0.5686903791814635	2.7337389984944326E-4	0.007970363480710957	1.0926896335407628E-5	0.11834116154491056	2.0520789831971653E-5	2.428473971803224E-5	8.335309749620434E-6	2.20081127960462E-5	1.3008165028175778E-5	2.3248343694123768E-5	1.4651617005206576E-5
17	file17	1.4220203553238402E-5	3.06524685538594E-5	2.7464292502856185E-5	0.5594574816740632	2.2369524449543054E-5	1.5676233962965128E-5	4.168273279135116E-5	0.20964113703204038	2.1405045088470452E-5	0.06478696740735891	0.060063664899164836	1.5672774222848638E-5	0.021497935667590888	0.02384211583419594	0.0017117817828392699	1.1955584071937355E-5	3.1566894416826236E-5	1.865800015687153E-5	3.3345794687599736E-5	0.058714246154288184
18	file18	0.057191260966042164	0.06522867597401064	1.0880570076753951E-4	0.19410053534142438	8.862168152760608E-5	0.12097554979575455	1.651351095535195E-4	0.026663344783328317	8.480068913370335E-5	2.2470241559454263E-4	1.1439227910559698E-4	6.209106541197564E-5	0.0014593870449774607	0.29774970291028635	0.1662278927705927	4.7364617271575274E-5	1.250590404875901E-4	0.0014026368559891616	0.008104421592967991	0.05987561936577281
19	file19	1.5676607407628193E-5	3.3791831023691E-5	0.20967276086922784	0.6688892765963563	0.027015668171726973	1.728176144226617E-5	4.595179212454182E-5	2.4755059123967166E-5	3.933371357920775E-4	6.252745838967933E-5	3.1831693722341616E-5	0.02183192793095834	3.6360667122125084E-5	0.044770967567178625	3.839978358775408E-5	1.3180050280080024E-5	0.025177108366162933	2.0568913966363706E-5	0.001885460153205045	2.316759120102187E-5
20	file20	1.2479093097628705E-5	0.23813583927198936	2.4101586290274855E-5	0.5442307792331288	0.003257205819753046	1.375684829768141E-5	3.657913201589818E-5	0.010026756462929474	3.1310924670573185E-4	0.03154255087181182	2.5339071081349715E-5	0.008843504363490406	0.10834055104520704	0.01797965587910072	0.036821194782987225	1.049175183123568E-5	2.7701868876615386E-5	3.106985477789232E-4	2.926296200775583E-5	1.8442161618761672E-5
21	file21	1.6185276422961152E-5	0.1470036400474654	3.125955013622544E-5	0.5745451060539337	4.0719775973278123E-4	1.7842513928277853E-5	4.7442819631003575E-5	2.5558302531272903E-5	2.4362982590635567E-5	0.037856521063240875	0.06378294648564689	1.7838576090825147E-5	0.11990296399124982	0.018738614833300908	0.03706813646710593	1.3607711892294981E-5	3.592908568699137E-5	4.029733443506439E-4	3.795381005212134E-5	2.391932501034888E-5
22	file22	1.7443818186317843E-5	0.34110502203728943	3.369024383104368E-5	0.39088257302450524	2.7440529662696513E-5	1.922991988633456E-5	5.1131899033584E-5	2.7545676135252846E-5	2.6257409986805864E-5	0.03298319937173254	0.08108521729586253	1.9225675848804574E-5	0.09014150320914165	0.02636700455379268	0.03460203296670199	4.2608611684066903E-4	4.501431657268497E-4	8.457282114896445E-4	8.637456200585724E-4	2.5779254287436795E-5
23	file23	1.3990285733377614E-5	0.017518417183194867	2.7020239066304803E-5	0.23463336680878935	2.2007845218053412E-5	1.5422774473239906E-5	4.100879004409387E-5	0.04027808761857666	2.1058959936992977E-5	0.04592123885539329	2.8407580733075138E-5	1.5419370671556497E-5	0.05678680360790401	0.07328167070963129	0.5200625381577025	1.1762281506703946E-5	3.6102368427488906E-4	1.8356330303625778E-5	3.280664682045458E-5	0.01090959227002572
24	file24	4.02801085463356E-5	8.682609612022166E-5	0.054229189528599335	0.6593938628056232	0.09696585882741786	4.440445618531168E-5	0.004868192694260343	0.036164536149892144	6.063187044931204E-5	0.003010733959877893	8.178964013130307E-5	0.002894468037765963	9.342656739516859E-5	0.11408630874844565	9.866595564024188E-5	3.386535377989072E-5	8.941629624499364E-5	0.027603559954474728	9.445520414329473E-5	5.952774500688213E-5
25	file25	7.394975256627955E-4	6.483629910227512E-5	5.809264856495067E-5	0.5697207586658033	0.04615954202521844	7.425773305725101E-4	7.975864445587931E-4	0.12987114874365607	4.527608936993809E-5	0.005085903289279654	6.107538871352715E-5	3.31511530788961E-5	6.976511830434869E-5	0.1447837054272053	0.024903337645827577	2.5288528506880342E-5	6.67704985829466E-5	3.946552222035981E-5	0.03199438191420995	0.04473783974156152
26	file26	7.706664983371288E-6	7.436727876198219E-4	0.052545014620673354	0.08726198581613433	1.2123204152777512E-5	8.49576329208075E-6	2.259003227426885E-5	0.1219765898301301	0.11561424018928157	0.09073155189027857	1.5648551564288048E-5	0.3511787767094111	0.04727681576015126	0.10925681078379056	0.0022000593241811167	6.479350367805978E-6	1.7107735407945804E-5	1.011173686300376E-5	0.0211028299954277	1.138925401494054E-5
27	file27	1.367002881648834E-5	2.9466535191216453E-5	2.6401708564362244E-5	0.5852070905629289	2.150405531760164E-5	0.002271966133218292	0.04034179160131737	0.07675606430274014	2.0576891328041998E-5	3.7693782450575885E-4	0.024208790227457533	1.5066400031374057E-5	0.08934032153942137	0.13286276906591887	0.03259727569746635	1.1493026676408834E-5	3.5275935470697756E-4	1.7936128610788654E-5	3.2055657472243644E-5	0.01549606325830994
28	file28	4.166552285180494E-5	0.008934113151980099	0.06297327609518927	0.3754709620520898	6.554322015483316E-5	4.593172537712506E-5	0.03353393406678392	6.579436830991534E-5	6.271727348617853E-5	0.005079686816427822	0.06592550808030354	0.005942122065229356	0.44132897562099693	8.624107271549731E-5	1.0205952212603104E-4	3.5030135784697635E-5	9.249172529497736E-5	5.466836877507795E-5	9.770394392500646E-5	6.157517219814693E-5
29	file29	7.456681106180302E-5	1.6073306002099906E-4	1.4401514734577701E-4	0.3307763824511405	1.1729959398447549E-4	0.15836445902738364	2.1857271233536433E-4	0.09508710337947467	1.122421311977539E-4	2.9741595580490347E-4	0.047636086697190855	0.08977546276723872	0.0019316436439849596	0.16019529050204073	0.11273892287229358	6.269177338341498E-5	1.6552805611923328E-4	9.78373880007993E-5	1.7485611671217392E-4	0.0018688899132859166
30	file30	3.3421782246186463E-5	7.204257839768151E-5	0.20186109413229464	0.08598498098898025	5.2575152831276637E-5	3.6843894392157123E-5	0.04187615793944396	0.3303369650589984	0.10331338395928352	1.3330557080165614E-4	6.786365879123344E-5	0.08989935958917043	0.027666890565075753	0.009528390861848837	8.186651435476454E-5	2.80992410539207E-5	8.624595087979135E-4	4.3851947411136946E-5	0.10807105485200574	4.939220382035243E-5
31	file31	3.064388941376683E-5	6.605467025185593E-5	0.019573431653678825	0.24362521046420996	7.70955205997157E-4	0.023161778436328807	8.98243860813701E-5	0.30721709841795325	4.612689488811178E-5	1.2222571315301798E-4	6.222308672510881E-5	3.3774112887612986E-5	7.107610934742209E-5	0.24724389455192855	0.049222055421803336	2.576373782596151E-5	0.10848051053432718	4.02071384807293E-5	7.185866510246068E-5	4.528690961553419E-5
32	file32	2.7974991647097902E-5	6.030170725382243E-5	0.15378807021477642	0.20789126495319868	4.400691293079326E-5	3.083939779976156E-5	0.049567207398134486	0.4289159623779715	7.019122698015937E-4	0.02914290154672579	0.04360378526446353	3.083259155395097E-5	0.050869697481086176	5.7903828482696866E-5	6.852462380317494E-5	2.351987180046079E-5	0.025134605091971702	3.6705339454945125E-5	0.009962641443952222	4.134269319116811E-5
33	file33	3.971416709379726E-5	8.560617669274578E-5	7.670224251627968E-5	0.5358547517967244	0.015985973690735806	4.378056704152295E-5	1.1641148516645776E-4	0.05532662511364813	0.03659016258951959	1.5840327348057778E-4	8.064048365161656E-5	0.10120483042836108	9.211391037498032E-5	0.13777364420295696	9.727968444420257E-5	3.3389540575791014E-5	0.07502227814981165	0.030962431783367415	9.312809462542515E-5	0.010362132619211636
34	file34	4.372816297492313E-5	0.054755722381125034	8.445470235778421E-5	0.23729359482474605	6.878791904342207E-5	0.1351548425144129	1.281774431650302E-4	0.036166244578928024	0.021724137921896692	0.018738684157606218	0.03928002918969717	0.17847146356991164	1.0142406047749416E-4	0.10735074127549217	0.12386891679168108	3.676429291611751E-5	9.707050243713391E-5	5.737471117001114E-5	1.0254075050111493E-4	0.04647530024946022
35	file35	2.587508039832716E-5	5.577522749719601E-5	4.997402280030947E-5	0.45653538880462735	0.26367967575920565	0.003079901465902047	7.584589476235589E-5	0.004312787341216026	0.04336850191443763	0.004985408108409791	5.253991586723864E-5	0.040916969880952656	6.001522910269411E-5	0.16177653795979943	0.0073866856827313485	2.175437910661196E-5	5.743911666966769E-5	3.3950094478155874E-5	0.013486734771557833	3.8239350477726496E-5
36	file36	2.513868732194899E-5	0.1115207484342892	4.855178473100122E-5	0.407375256826184	3.9545177997799675E-5	2.7712679534109265E-5	0.0012595018288051988	3.969670699611684E-5	3.784015703971671E-5	0.06709878552876339	0.024360241368139284	2.7706563354078646E-5	0.3866338257070375	5.203312506158642E-5	6.544843452853145E-4	6.140424962627982E-4	5.580442540774003E-5	3.2983890156034616E-5	5.894919176192639E-5	3.715107587129024E-5
37	file37	2.9513358244303824E-5	0.11491777746227377	5.7000836909859194E-5	0.25134331522191317	4.6426887376287135E-5	3.253528032410972E-5	8.651053558179068E-5	4.6604785671232333E-5	0.044593917410109964	1.1771649513034578E-4	5.99275184944216E-5	3.252809979753653E-5	0.5130837006670789	6.108800514704853E-5	7.229284628111951E-5	2.4813247884530073E-5	6.551559266335123E-5	0.071735562890833	6.92076158313509E-5	0.0035240452424537766
38	file38	4.3018293423550994E-5	9.272841147944057E-5	8.308369068943746E-5	0.04472476824880063	0.0020968827997531934	0.008164269258930004	1.2609664996711409E-4	0.7975480746550742	6.475353935074037E-5	0.0032153994013518943	0.03458394614912745	0.007149653011368673	0.10054574992391542	8.904109482635107E-5	1.0537312792403387E-4	3.6167472689897526E-5	9.549468974964388E-5	5.6443307751538745E-5	1.0087613548864958E-4	0.0010781801383381345
39	file39	2.19729084830876E-5	4.7363870973653524E-5	4.243753498033283E-5	0.6893023663465448	0.0503039344352036	0.010389041159980917	6.440771888534433E-5	0.046676380438734406	3.307484981100817E-5	0.0026788453834386476	4.4616470568902774E-5	0.017644408700097623	5.096444595976168E-5	0.08400050957151353	0.0010903043873279874	1.8473642356175288E-5	0.06534713280680399	0.029568562609684827	0.00264273017226441	3.2472546386913555E-5
40	file40	2.7956545841299715E-5	6.026194625602359E-5	0.13786184261642245	0.05807772109380151	7.033455925593227E-4	0.0033276575451237403	0.004697521029934488	0.7827136019961076	4.208175515987138E-5	1.1150701879288205E-4	5.6766376908937E-5	3.081226153908507E-5	0.004680416900269977	7.172333449340321E-4	0.0013872148336104989	2.3504363556772913E-5	6.205968343051578E-5	3.668113713982441E-5	0.00534049852545628	4.131543315479711E-5
41	file41	1.1544674315600804E-5	0.01636206510152427	2.2296889848785973E-5	0.6927184639791868	1.8160701666329683E-5	1.2726752814756874E-5	0.12174583031678149	1.8230289744360056E-5	1.7377688957262923E-5	3.183332295467652E-4	0.029974938179228267	0.00110186927005667	0.07926209943972458	0.04086684538452016	0.017182317515953206	9.706142661500008E-6	2.979139193153311E-4	1.514750013142089E-5	2.707178824986377E-5	1.706123577239231E-5
42	file42	0.008835438562635014	0.0018400363368319317	0.14788071939298372	0.16019726787578875	5.8680988517226774E-5	0.007959444570217607	0.06081647824625314	0.42412902868995306	0.01413316743834991	1.487870647679941E-4	7.574503102340608E-5	4.111369851775528E-5	8.652193889588936E-5	0.07398154858311667	0.010649136508182264	3.1362557269581394E-5	0.03175609522783907	4.8944710265495105E-5	0.055515727126338975	0.0018147554522523163
43	file43	2.6178627674644593E-5	0.02660612153237168	5.0560281017642E-5	4.997010062799765E-5	4.118108785370275E-5	2.8859101117692862E-5	7.673566261700805E-5	0.17724509705928515	3.940553337595768E-5	0.003191589130995485	0.004375199157533123	2.8852731922763863E-5	0.12539996286977573	5.418563786925219E-5	6.412443784498862E-5	2.2009585367776497E-5	0.16553061187186635	3.43483718381068E-5	6.138780927949634E-5	0.4970736194097655
44	file44	3.54031931259416E-5	0.28063638715321615	6.837621190904387E-5	9.025782884386134E-4	5.5692071583763786E-5	0.0017090286229188884	1.0377501513986125E-4	0.0025609061286740913	5.3290864810724165E-5	1.4120859363786378E-4	7.188695685710135E-5	3.901957173492278E-5	0.13535215039447698	7.327903608925574E-5	8.671997193028535E-5	0.24718982988093063	7.859021533982193E-5	4.6451710794754563E-5	0.010103021663355832	0.32069240445503566
45	file45	2.6539123540358463E-5	0.06077311059314018	5.1256527303074494E-5	0.14777182667171257	0.17467821427047445	2.925650875763662E-5	7.779236006769371E-5	0.008179091155242221	3.9948171899444594E-5	1.0585351152321721E-4	0.053258546398849395	2.925005185496112E-5	6.155542533356874E-5	5.493180755681965E-5	6.500747094441782E-5	2.2312670946966154E-5	0.010699844826812499	3.4821370124935764E-5	6.223315731398952E-5	0.5439786079266016
46	file46	0.028200780203068876	0.08658011870183163	0.0050012817578541195	2.683767029134555E-5	0.028872054591804787	0.0010103249126507568	3.72821247424273E-4	0.004001503757392575	2.1163709880664736E-5	5.6078986877447506E-5	2.8548883650718917E-5	0.05075159265875789	3.2610782956971346E-5	0.011303789859291482	0.008656259940446737	0.06069617161213461	3.628194619726059E-4	0.10248546624071385	3.296983125201168E-5	0.6115068051897466
47	file47	0.06447290354464891	0.08701468545818418	1.226589400583201E-4	1.2122716595461756E-4	9.990507340774497E-5	7.001200711081758E-5	0.0031819460433576445	1.002878891255329E-4	9.559758883937358E-5	0.0017512046203015232	1.2895680655488267E-4	0.08844567717540948	0.001645197510875121	1.3145403414801694E-4	1.555655035848682E-4	5.3395122772212826E-5	1.409816695514053E-4	8.332894512435843E-5	1.489264590142995E-4	0.7520360884419767
48	file48	0.02491616977015847	0.23343372388449293	7.025338278914033E-5	0.00264320518722638	5.722101757404994E-5	4.0099648122294776E-5	1.0662400941818207E-4	5.744027675847357E-5	5.4753889111206326E-5	1.450852731525023E-4	0.019806111426126673	4.009079814202569E-5	0.021532468112476645	7.529080697898084E-5	8.910074444583302E-5	0.04721639967091938	0.04726656520467609	4.772697592571223E-5	8.529820596516E-5	0.6023163717155399
49	file49	3.2954201034247426E-5	0.31951652666392855	6.364633340261749E-5	6.290340205233713E-5	0.09098887747395833	3.6328436758403785E-5	9.659644820978567E-5	0.020260268885139973	4.9604505051683765E-5	1.3144058407250662E-4	0.027270301620141494	3.632041908334743E-5	7.64346968017329E-5	6.821000801511685E-5	8.579608160155875E-4	0.045107605235929556	7.315379001041467E-5	0.06921756639274634	7.727625119203375E-5	0.42597602383645594
50	file50	5.0140489729642064E-5	0.04031600409278263	9.683919579742878E-5	9.570881057886899E-5	7.887502501072578E-5	5.527445827879997E-5	1.4697346824913755E-4	7.917725790326155E-5	0.002440646230584333	1.9998953240882842E-4	0.055683352497678	5.526225922249753E-5	1.1629695182088386E-4	1.037829199010612E-4	1.2281891767381857E-4	4.2155433157237115E-5	0.1408390368031462	6.578817678233786E-5	0.14557565313866144	0.6138362243406329
51	file51	0.04434888026654536	0.5472758515240332	1.0667949441860195E-4	0.0027109427605529544	8.688989743368173E-5	6.0891163075943805E-5	1.6190815254769745E-4	8.722284167084612E-5	8.314357225142185E-5	0.006734082723308062	1.1215690367592724E-4	6.0877724414583475E-5	1.281144470533264E-4	1.1432880388113918E-4	1.352991413713366E-4	0.006560210338562149	1.2261522252583786E-4	0.07042120314326158	0.011854313319815802	0.3088343885596007
52	file52	0.0380278053515392	0.0891181991400427	0.002470776877422295	9.604957120823603E-5	0.06060577470860162	5.5471256871083016E-5	0.03100420440401158	7.945915976863306E-5	7.574298503357311E-5	0.02037624119227314	0.045200438878852944	5.54590143813905E-5	0.32767253071524255	1.0415242750322591E-4	0.11168212233088817	0.19586371947459325	0.0725062846139441	6.602240830595277E-5	0.00367838535988532	0.001261160129630928
53	file53	1.9660082798129096E-5	0.28011227840159997	3.7970642443808375E-5	3.752741847231356E-5	3.092689223373571E-5	2.1673111536054742E-5	5.76282874476597E-5	0.07051221227501316	2.9593455337084826E-5	0.07612388540828302	0.014414368735369547	0.002803819652390088	0.02925818893041301	4.069327621824624E-5	0.03157920562955716	1.6529142629660443E-5	0.027401464031199734	2.579553988508579E-5	4.610208862856446E-5	0.4674304769985438
54	file54	7.378818700885929E-5	0.06629150153193325	1.4251134617586085E-4	1.408478387719866E-4	1.1607475569547922E-4	8.134348280763389E-5	0.0767907025152814	0.13238141321220614	1.1107010275963547E-4	0.00725562054250129	1.498285252745409E-4	0.2611304577972178	0.1724635732358035	1.5272993030735672E-4	0.12374399979187455	6.203714806173444E-5	0.15853360652648393	9.681577339116457E-5	1.7303027521060305E-4	1.0904748123334195E-4
55	file55	4.5414330840050365E-5	0.33000205255658904	0.12112397754922131	8.668745780851185E-5	7.144039677651386E-5	5.0064380081113786E-5	0.030124407207879324	7.171414170095266E-5	6.83601887732904E-5	1.8113885281802858E-4	0.009732271394965655	0.25926046424743	0.08365249223277696	9.40005150597257E-5	0.08472951684949374	3.8181932375036294E-5	0.06543897499236596	5.958709302335607E-5	1.0649474505744156E-4	0.015062758934964116
56	file56	7.20331296498339E-5	1.55271563670745E-4	1.391217035109648E-4	0.027320437474297556	1.1331390924513934E-4	0.0017783424541638502	2.111459012578625E-4	0.01880201915655562	1.0842829234094881E-4	2.873101558100325E-4	1.4626484297613405E-4	0.006875126124597769	1.6707522111499758E-4	0.0222352357535123	1.7644484662901607E-4	6.056159001305082E-5	0.003557771096099995	0.02897638644674469	0.0069646496655003665	0.8818530606723092
57	file57	8.731184455511516E-5	0.19993924732178278	1.6863035953374248E-4	0.3214157598126276	0.01661166126710862	9.62518502537417E-5	2.5593137766878485E-4	0.02690863300224045	0.002190715756606936	3.4825058671110123E-4	1.7728860728238527E-4	9.623060749936612E-5	2.025130076385318E-4	1.8072177233882216E-4	0.002273159082949178	7.340711362861492E-5	0.004312398453536868	1.1455985164397246E-4	2.0474269805142515E-4	0.4243425856263422
58	file58	4.054977146969524E-5	0.0431247135496645	7.831609304313113E-5	7.740192442346917E-5	6.378805344935866E-5	4.47017303461137E-5	1.1886083645664428E-4	0.07466202985408217	6.103778215174244E-5	0.00781281280549189	8.233719658669268E-5	4.4691864687683214E-5	0.001050436611263412	8.393164301221036E-5	0.0010557110755994336	3.40920718953692E-5	0.4409833071059334	5.320441719488475E-5	9.50875526496676E-5	0.43043298806059854
59	file59	7.700450028569553E-5	0.05646774565343509	1.4872319597710604E-4	0.0037793586636095874	1.2113427528774225E-4	8.488911977669076E-5	2.257181479240643E-4	0.0818499568440158	1.1591147724851522E-4	3.0713888293770514E-4	0.0709876032724221	8.487038477351086E-5	0.08553933581905422	0.009240315904328611	1.8862219799004528E-4	6.474125167311678E-5	0.5940636771486786	1.0103582364565564E-4	1.8057239806270229E-4	0.09637164503887356
60	file60	4.2204692056917095E-5	0.2648717975569005	0.0020723455907958664	8.056085808884679E-5	6.639137669992357E-5	0.07669360641709151	1.2371179462822158E-4	6.664577481664964E-5	6.352886110533833E-5	1.683369403735917E-4	8.569754898293947E-5	0.013982348617462418	0.016024556528313104	0.0020781903230492242	0.5246879428975498	3.548344031979692E-5	9.368860671139728E-5	5.5375800217665986E-5	9.896827361960158E-5	0.09860861810121688
61	file61	4.409195631442018E-5	0.010494328784392631	8.515731724294613E-5	8.416329233525282E-5	6.936019523989093E-5	4.860660541756314E-5	1.2924380628035113E-4	6.962596925937743E-5	6.63696767360339E-5	0.04073307997109668	0.003209315489472712	0.05932452625268928	1.0226785072973087E-4	0.06248697959191043	0.010507289091292626	3.70701508343171E-5	9.787807357312042E-5	5.785203599591766E-5	1.0339383097652222E-4	0.8122494000582101
62	file62	0.005411404977743019	0.03500916784629571	9.689085797100754E-4	7.248027423355866E-5	0.002746448844368613	4.185934262402535E-5	1.1130299519265639E-4	0.008120111314383994	5.7156656270746215E-5	0.0019425965858298675	7.710173400309412E-5	4.185010427970946E-5	8.807167187140517E-5	7.859479654686208E-5	9.301075606546766E-5	3.192430599848653E-5	8.429125592869296E-5	0.12184764939971279	8.904135063282908E-5	0.8230870272083084
63	file63	3.618885333781204E-5	0.19724352216371258	6.989360241515597E-5	6.907774790096467E-5	0.19978303408632092	3.989429051778793E-5	0.019737276432045446	5.7146114635121374E-5	5.447348446847682E-5	0.008679645944862235	0.0017805429930421721	3.988548585988034E-5	0.02142219641988691	7.490522903786184E-5	8.86444432986666E-5	3.0425645942929703E-5	8.033427286071215E-5	9.010129253686877E-4	0.002645452482259175	0.5471664473822265
64	file64	4.920938055192891E-5	0.26821053026887065	0.001255666244683495	0.00241518220402427	7.741031535041258E-5	5.42480112761077E-5	1.4424417011294077E-4	0.02561146470836402	7.407270968704678E-5	1.9627572566149746E-4	0.05929181374022751	5.4236038756349753E-5	0.026808520442655196	1.0185567049183534E-4	0.0047630395828760904	4.137260652521137E-5	1.0923805094522753E-4	6.456648996760303E-5	1.1539398113713306E-4	0.6105616596578356
65	file65	4.395482666992963E-5	0.0032048301792199424	8.489247091687205E-5	8.390153750916196E-5	6.914447927466554E-5	0.01041539882262885	1.2884184731347186E-4	6.940942671488784E-5	6.616326153161739E-5	0.1608629400092311	8.925123553805318E-5	4.844474073969001E-5	0.0032120328055608425	0.04881561349381338	0.0011443615009317052	3.695485958779425E-5	0.0011342680034177564	0.013534698515487368	0.001139766606357736	0.7558151313775551
66	file66	4.58563890259307E-5	0.15800420314057084	8.856506706235692E-5	8.753126414956255E-5	7.213578987409853E-5	5.055170134351062E-5	1.3441577002664106E-4	0.06604656822731066	6.902559945922543E-5	0.001264445580266478	0.019560896145372774	0.0032951711689216167	0.0033509909389908966	9.491550590932055E-5	0.0011938685725479676	3.855359117627595E-5	0.1417839988000984	0.09307291167128061	1.0753135339087021E-4	0.511637863723222
67	file67	0.03838621413961501	0.09556274713999675	0.01963196600970418	6.334652089612819E-5	0.003965779055439549	3.658435002172342E-5	9.727691548259596E-5	5.24048286874694E-5	4.9953940697581606E-5	1.3236650854942078E-4	6.738559774782625E-5	0.05091304171807728	7.69731359539448E-5	6.869050889266063E-5	8.128981112405686E-5	2.790129781395318E-5	0.034513122647144116	4.354303527600884E-5	7.782061861833337E-5	0.7561515922202614
68	file68	8.933548811003528E-5	0.07183116726013333	1.7253873808161419E-4	1.7052472673475833E-4	1.4053191137578325E-4	9.848269805460527E-5	2.6186314884553896E-4	0.004355105663456601	1.34472769242487E-4	0.002463339689433603	1.8139765971754822E-4	0.0717370604282733	0.08238089431287818	1.8491039590634218E-4	2.1882690054880616E-4	7.51084845381032E-5	1.9831248619524183E-4	1.1721502754379656E-4	2.094880592729165E-4	0.7649794241516575
69	file69	0.0363962760805251	0.13029833439072663	0.0245913897961191	6.843522096826825E-5	0.0034387634706926126	3.952321362403563E-5	0.01701691632471839	5.661456983425924E-5	5.3966799147192226E-5	0.055106431047847564	9.18390013630108E-4	3.951449086268678E-5	0.003465521486123189	7.420849776738641E-5	0.04152179126688917	0.044000887748032236	0.01530022958013204	0.05416488102909121	8.407203987991211E-5	0.573363852933389
70	file70	0.033356495628313124	0.07192491313970557	0.005290301868802788	8.425090726355042E-5	0.03650482371286213	4.8657205437242574E-5	1.293783505276823E-4	0.006315765532880424	0.005271494670152057	0.006422114610610101	0.06775534960560081	4.864646680665022E-5	0.005307430214546235	9.135841420701225E-5	1.0811549303101581E-4	3.710874127579356E-5	0.6080485093007127	5.791226061219647E-5	1.0350146511054987E-4	0.15309387241154235
71	file71	7.059432902488708E-4	0.19036336270241241	7.326861557400227E-4	0.02172615098230643	0.24858836804552692	3.1653926357199625E-5	8.416703637247153E-5	0.024425601585603262	4.32217152731767E-5	1.1452765215987348E-4	5.830413133973964E-5	3.164694034518161E-5	0.023092400005952834	5.943318136404647E-5	7.033449257356376E-5	2.4141077421048672E-5	0.003449887952125643	3.767479895576397E-5	7.445622630669106E-4	0.48561593206485465
72	file72	0.01980308286226077	0.05176307594514069	1.2433510610308793E-4	1.2288376643706058E-4	1.0127030199741385E-4	7.096873924130396E-5	0.003225428156537683	0.006175106286901088	9.69039545416864E-5	0.018477117112257656	1.3071903456929576E-4	0.06991560436243138	1.493175746147535E-4	0.02594540412354058	1.576913463055226E-4	5.4124780893377405E-5	1.429082204194006E-4	8.446765664670944E-5	1.5096157747895104E-4	0.8033086290916817
73	file73	6.932425153420548E-5	0.6885027982674726	0.05245528587111144	1.3232702142290193E-4	0.022999663366740284	7.642247751862614E-5	2.032055477857517E-4	1.0947049325346797E-4	0.01318469973232741	2.765055691253363E-4	1.407644067997532E-4	7.640561110084382E-5	1.6079218978840796E-4	1.4349028665194943E-4	1.698094611338662E-4	0.062189941835540066	1.5389029562853267E-4	9.095874690947346E-5	1.6256252942347608E-4	0.15870168203873197
74	file74	2.7485349106865553E-5	0.05062308240678563	5.3084026862763514E-5	5.246438727557797E-5	4.3236665814832E-5	3.0299619941437245E-5	8.056596786461429E-5	0.0019881652687690128	4.137248350223703E-5	1.0962761125019213E-4	0.010427878555957365	0.04540809460792524	6.37501216700648E-5	5.689034551100893E-5	7.155795561146486E-4	2.3108206627523678E-5	7.092680011865991E-4	3.606289080375225E-5	6.445201749772561E-5	0.8894455319095329
75	file75	7.960695870685168E-5	0.07902936492408728	0.00578644715387322	1.5195478489971067E-4	0.0020027940454933205	8.775804826538612E-5	2.3334656045441446E-4	1.257080003488766E-4	1.1982884310317144E-4	0.0359912709860133	0.05648862047918567	0.032006358872930976	0.002062208020074943	0.0076750374464331925	0.011460392271072343	6.692925906213676E-5	0.0020542823837900255	0.00949227991762547	1.866750564297216E-4	0.75489913598815
76	file76	3.790349802868605E-5	0.11093411133147005	7.320519378248974E-5	7.235068370222606E-5	0.16723220852040552	4.178450054444931E-5	0.0367639163661565	5.985372410670439E-5	0.0331339827036765	0.023394428140126176	7.696388056942845E-5	0.008087514580387034	8.791420482435195E-5	0.004548309441197907	0.029593888564342682	3.186722718883085E-5	8.414054804633461E-5	9.437033365422873E-4	8.888214985632679E-5	0.5847130714050456
77	file77	9.962071573000235E-5	0.38554903103387117	1.9240318648811408E-4	1.901573012737746E-4	0.2445150434456428	1.0982104732150001E-4	0.019088806322117464	1.573118879451002E-4	1.499546686489438E-4	3.9734554776990627E-4	2.022820390319176E-4	0.023605790275579908	2.3106247346373402E-4	0.0025557985444038004	2.4402052213336816E-4	8.375575200155136E-5	0.12709950899065098	1.3071003679794344E-4	2.3360649662485905E-4	0.19516396971250347
78	file78	0.05986272985903941	0.005173803193078934	0.011044881118560473	2.971496021818548E-5	2.4488531580597957E-5	1.7161203016756828E-5	0.012896248969005961	0.0029618664212003854	2.3432689586918748E-5	0.0018978937978601435	3.160963424713815E-5	1.7157415544417197E-5	3.610701330371328E-5	3.22217496752388E-5	7.724529184410404E-4	1.3088105595204658E-5	0.02647011363596776	2.042542420170597E-5	3.6504555478116224E-5	0.8786380988043979
79	file79	4.3061984361839524E-5	0.16259462286667606	8.316807349762922E-5	0.002113469772108512	6.773996647949815E-5	4.747117291524363E-5	1.2622471829604244E-4	0.03967781334959993	6.481930539273283E-5	1.7175632235656756E-4	0.004149983306653078	4.746069604167184E-5	0.04174096523213368	8.913152819015047E-5	0.0021367526521534662	3.6204205686294854E-5	9.559167761840136E-5	0.015291044409576716	0.0011166148406791636	0.7303061039195834
80	file80	2.2378825288640895E-5	0.16630985381775196	4.3221505324906544E-5	4.2716989045719567E-5	3.520369294097068E-5	2.4670230614326415E-5	6.559755570294345E-5	3.533858626042185E-5	3.368585847150358E-5	6.170744650603974E-4	4.544069350790655E-5	2.46647859018565E-5	0.016941974760622258	4.6320645149938E-5	5.481683796034946E-5	0.13566718014467385	0.02063444928880182	2.9362739020073593E-5	0.02591539531254971	0.6334106532653505
81	file81	6.341420684255085E-5	0.1766236955918133	1.2247548490006076E-4	1.2104585223296825E-4	9.975565012849429E-5	6.990729347283522E-5	1.8588182856155803E-4	1.0013789328697216E-4	9.54546080604642E-5	2.5293286210208306E-4	1.2876393197644678E-4	6.98918649542105E-5	0.039034050979951086	1.3125742458472718E-4	1.5533283164048092E-4	5.33152622199058E-5	1.4077080995579067E-4	0.009057119701082425	1.4870371677395012E-4	0.7733460922054596
82	file82	0.1014787961775948	0.30937914015567164	4.515188318655451E-5	4.462483397963023E-5	0.33748631798628365	2.5772063293721846E-5	6.852730255824818E-5	0.019335501812630652	3.519035108357661E-5	0.016634890591614288	0.10205427618564558	0.005539647780808102	5.4224184126365164E-5	4.8389438156163194E-5	5.726509166296228E-5	1.9655235443877106E-5	0.0474712767347646	0.03642229142621823	5.482119833746869E-5	0.023744239566939794
83	file83	6.0259739647610914E-5	0.38955322581443746	0.07828530018394837	1.1502456474922678E-4	0.005779805572270477	6.64298351093707E-5	1.766353495858179E-4	9.515664830935316E-5	9.070632775034071E-5	2.4035100614661417E-4	0.0029648647938781635	0.004330174288717891	1.3976776206863024E-4	0.0086522464034192	1.4760597757884123E-4	5.06631554754363E-5	0.0015550213652265295	7.906541053289749E-5	0.031408873461239495	0.4762088223399085
84	file84	0.03703114690749259	0.07475647231937502	0.06402878330776791	2.7998226435789886E-5	0.03911524319272902	1.61697422593103E-5	0.0052322209923156525	0.016628685464811856	2.2078903832844825E-5	5.850404136572111E-5	0.0031433190583661764	0.5012954009340449	3.402098898920128E-5	0.02078726432105223	3.59288956453652E-5	1.2331961455758772E-5	0.05261671779296544	1.9245378343008523E-5	0.07787278605455925	0.10726568151619276
85	file85	0.1808427609282441	0.0290827669007032	0.060523474069379156	4.8942658186080216E-5	0.15485365497347428	2.8265724979737052E-5	7.515788959693137E-5	4.048891054264151E-5	3.859531052413159E-5	1.0226873854433149E-4	0.03331273767247706	0.40157530983424367	5.947082537779689E-5	5.307151915847166E-5	6.28059660352856E-5	0.05626233367310683	0.05690243424475248	0.02603744207721624	6.012560568419781E-5	3.7892477773098423E-5
86	file86	0.345092943020706	0.4551423054440165	7.699070404199679E-5	0.0038368885132081614	0.001002907657644756	4.3945216845117377E-5	1.1684928507322037E-4	6.294881715910238E-5	6.000480410120306E-5	1.5899899595814542E-4	8.094375610083827E-5	0.13449241063539616	0.045222018413361084	8.251121877789299E-5	9.76455335416406E-5	3.35151118433513E-5	8.849153588493428E-5	0.014155290908166937	9.347833043837515E-5	5.891209773431722E-5
87	file87	0.022763780278044526	0.031323709374333764	5.8175189718424874E-5	0.025632862355701624	4.738339167585603E-5	3.320558447923137E-5	0.07468311104008162	0.017097809110919144	0.08955912223812501	8.305685747274881E-4	0.17340531108541132	0.40071393591779525	6.986424432940273E-5	7.727734031678855E-4	0.024228294804931404	2.532445980566231E-5	0.13860009913573199	3.9521596952825973E-5	7.063345731775238E-5	4.4514756749526745E-5
88	file88	2.2087374294933278E-5	4.761060863004189E-5	4.265860935007282E-5	4.216066364682154E-5	0.49492836085787495	2.4348937466236507E-5	6.474324487349531E-5	5.558190016526829E-4	3.324715014795287E-5	8.809733772446773E-5	0.3021904247608089	0.060453458736644886	5.122994047481596E-5	4.571738747738359E-5	5.41029299830812E-5	0.05732204116379251	0.07402260295261238	2.898033291273776E-5	5.179398773509703E-5	0.009930514021896484
89	file89	2.4428965898998883E-5	5.265804432538091E-5	4.7181059151548725E-5	4.663032376571932E-5	3.8428729090186715E-5	2.6930288548421808E-5	7.160699592834644E-5	0.02308530151026839	3.677184469090783E-5	0.0035544458009992676	0.5001635475537585	0.42466284223865897	5.666107940924909E-5	5.0564113450665636E-5	5.983864872049552E-5	2.0538563636064107E-5	0.012153759844890899	3.205268109343842E-5	6.3345306235911E-4	0.03518235865135525
90	file90	0.03489157168345749	8.847191771790078E-4	6.638080440565175E-5	6.560595410378409E-5	5.406682247424131E-5	3.7889234554453005E-5	0.09170222998790953	0.022751986700163887	5.1735689574531975E-5	1.3708773523665168E-4	0.053571540471520934	0.6226037150593707	8.903511976064782E-4	0.06411111568178902	8.418924263346747E-5	2.889647667974936E-5	0.10626916688917398	4.5096121040988244E-5	0.001701861504739673	5.079356638556239E-5
91	file91	3.672168559269915E-5	9.452531664512435E-4	7.092269182645654E-5	7.009482495043661E-5	5.776616632940156E-5	4.0481680357838604E-5	1.0763982403472047E-4	0.4287762283090075	5.5275533356015625E-5	1.464675109985277E-4	0.36123720339944826	0.07712314634347532	0.05897980010138216	0.007004787757124924	8.994961365499536E-5	3.0873622710329225E-5	0.06503882629842231	4.8181674262541496E-5	8.611084811636705E-5	5.4268948497755614E-5
92	file92	2.451371001095122E-5	5.284071514419293E-5	0.06191119941541613	4.6792084414692916E-5	0.45505588575040334	2.7023709751639817E-5	0.035340034239860034	3.87098002067461E-5	0.0011932331386962029	6.759418466585701E-4	0.3879997428545109	2.7017745627032782E-5	0.009885694362433861	0.0012070732528528018	6.004622906455151E-5	0.0017551104105859615	0.04457326576044147	3.216387188252811E-5	5.74836455748471E-5	3.6227456463428766E-5
