0	file0	0.01029926845674118	0.47417375559696584	4.3723760429878484E-5	0.08891706113156611	0.13007509901115355	0.0010763676125773493	2.5015688258691145E-5	8.011627820690126E-6	0.03394990822591478	0.005678999956174846	0.003127388300580373	0.11614099930158812	3.926717642658348E-5	0.0010854865638236363	0.07300807516980083	2.532528689116053E-5	5.461171626678537E-5	5.725773160205898E-5	0.03547510933834287	0.026739268347074664
1	file1	2.5999451300648507E-5	0.13935346433975723	4.509038080146596E-5	0.21301105259318326	0.00858780672142874	5.049225456985106E-5	2.5797573184587122E-5	8.262037521998668E-6	0.5843711588117886	2.915215850250951E-5	4.6583059048235944E-5	4.553520231172058E-5	4.0494502775270956E-5	0.0016491733317145834	6.42167163255115E-5	2.6116848564755892E-5	0.0027051138247848054	0.01648157746151641	0.03340535744880985	2.7555282110095453E-5
2	file2	6.435171887879173E-5	0.28984523116477484	1.1160402871276094E-4	1.1860865548830551E-4	0.22973923074617741	0.004058623226049339	6.385204665023826E-5	0.06033639963457565	1.1618914021390744E-4	0.023674048565155772	0.017161110572745945	1.1270501459312184E-4	1.0022868669792617E-4	1.4825024723063334E-4	0.3174732902242228	0.03546748257526788	0.01062912577399305	0.001457365527726963	0.0066316672529380186	0.0026906351979066557
3	file3	7.895855855347103E-6	0.3718115418841959	6.572304497215921E-4	1.4553097621155078E-5	0.08111954895789532	0.03846665848568054	7.834546849770897E-6	0.0019331195511344435	0.006288740113783166	8.132743226524011E-4	0.13531776103144624	0.014010754323970366	0.002103792533001712	1.819007484256076E-5	0.3081127494465371	0.0012950051264336085	1.7103588964412185E-5	0.025920288841020524	0.012075589417343718	8.368351050135874E-6
4	file4	2.1387953437455486E-5	0.17128997687648306	3.7092742993189085E-5	3.942080250632006E-5	0.017959500160078735	0.18046115535245827	2.122188225016645E-5	6.796607812050632E-6	3.8616651802474716E-5	2.3981467971881518E-5	3.832066632394887E-5	3.745866693670966E-5	3.33120314661719E-5	4.927248937720347E-5	0.5992725752908273	2.1484528060872664E-5	4.632946333949308E-5	0.009200293989030987	0.02137913454882263	2.266782802112333E-5
5	file5	2.2342142222133776E-5	0.6200579259438987	0.010509233517292927	0.0027726106128122294	0.021947403707902137	0.05649296595679049	0.012768847199944464	7.09982742430013E-6	4.0339470966052054E-5	2.505136219274781E-5	9.505073189982526E-4	3.912982448736216E-5	3.479819361407553E-5	5.1470701417191026E-5	0.2731982949607172	2.2443025365429617E-5	9.588734154774106E-4	5.074125036508457E-5	2.624245178122579E-5	2.36791163304056E-5
6	file6	1.7979546700898787E-5	0.058634118423956785	0.3879929124348264	0.3872621750053973	7.72183586926092E-5	0.055719698199429304	1.7839940792541615E-5	5.713493248515129E-6	0.012121921695961825	2.0159756033574434E-5	3.221384466708315E-5	3.148921440807613E-5	2.800339112385419E-5	4.142037368921652E-5	0.07771002376156357	0.019434464634781014	3.894635137372422E-5	7.735278444285182E-4	2.111826979953635E-5	1.905545912588334E-5
7	file7	8.286968731229012E-4	0.5383092221354975	0.1864740214858227	0.027133010610757877	8.524420657870558E-5	0.012980123750365575	1.9694171490035176E-5	6.307336843318318E-6	3.583673464981873E-5	2.225510146807625E-5	0.004484229276678532	3.476211024749628E-5	3.091398079786687E-5	4.572548486023056E-5	0.18851074421958514	1.9937910079110934E-5	0.006918207296723359	0.03401671804690585	2.3313240320773866E-5	2.1036027204944376E-5
8	file8	3.511455522140662E-5	0.30554892495648983	0.09307412597365362	6.472072938293357E-5	0.01589150963109397	0.09236593531640279	3.4841900996036325E-5	1.1158611366552927E-5	6.340048177817396E-5	3.93725647407811E-5	6.291453540369622E-5	6.149931233560118E-5	5.4691402423180664E-5	8.089514287524189E-5	0.2669631444404478	3.5273110594967055E-5	0.04014329974069055	0.18539071718315558	4.124456880880722E-5	3.7215842138647366E-5
9	file9	1.6604763953291E-5	0.21249150531179548	2.8797343494463337E-5	0.020330703320967418	0.030859796778744262	3.224729471813673E-5	1.6475832829869532E-5	5.276618388581118E-6	3.6831542228671224E-4	1.861826640360759E-5	2.975065476473655E-5	2.9081432419791548E-5	2.586214809742888E-5	3.7658819453537063E-4	0.6570875360515801	1.66797406840198E-5	0.06601128870153815	0.011879435249950079	3.5783846472007565E-4	1.759840812844634E-5
10	file10	1.432240588229787E-5	0.46373290192132194	0.05021962588703024	0.09136923683460388	0.02866086697821675	0.05051443179133789	1.4211196600088416E-5	4.551336620011202E-6	2.5859573827284925E-5	1.6059148387012597E-5	2.5661367665526154E-5	2.508413127259894E-5	0.03329094510422966	3.299523695687806E-5	0.21307138900782785	1.438707691118129E-5	0.06569280949770694	0.0032426593368597074	1.682269506748537E-5	1.5179471674933555E-5
11	file11	1.1475775206027723E-5	0.02690204780365603	1.9902230552800352E-5	0.8263687465888295	0.011974505997797811	0.039539191912773615	1.1386669176360126E-5	0.003978720063489677	2.071988872570536E-5	1.2867333770884016E-5	2.0561076765236866E-5	2.009856822160186E-5	0.03439056651827893	0.0014294043673689818	0.010550597224002008	1.1527592630831046E-5	0.004701415071631081	2.6062638804868854E-5	0.03999804018228764	1.2162496030300655E-5
12	file12	0.0010226140535108997	0.3139370648174176	0.34513939674535093	3.0337883585232597E-5	0.14965226579157026	0.03289966614726587	1.633216353375463E-5	5.230606265395453E-6	7.004884054257124E-4	1.8455915082329514E-5	2.9491228994085483E-5	2.8827842269362864E-5	2.5636630112903037E-5	3.791965032778199E-5	0.10099144791370779	1.653429331099792E-5	3.565472481526733E-5	0.014458924105194622	0.040936266132285966	1.7444949973422278E-5
13	file13	3.0584776217691384E-5	0.41258242161087694	0.0449226215157998	0.005041880518133159	0.3628271178409878	0.001305774379728582	3.0347294398110347E-5	9.719150061685947E-6	0.04866393227963505	3.429350234170838E-5	5.479855786380626E-5	0.0019231316856462807	4.763620936098188E-5	0.1222154244181833	7.554212877568492E-5	3.072287794183062E-5	6.625113864530227E-5	6.946110055125003E-5	3.592401781138128E-5	3.2414997040018416E-5
14	file14	1.814573772581142E-5	0.6906809366954523	0.02997988452661655	3.344497384064786E-5	0.0019265996881472438	3.523994402860983E-5	1.80048413928746E-5	5.766304997031272E-6	0.017040504406432008	0.0022387471883605083	0.017040253289611517	3.178027985612272E-5	0.1889620883064398	0.049955827736234894	4.481862630795208E-5	1.8227672530495825E-5	0.0018879739197337328	4.121079401653826E-5	2.1313473102531246E-5	1.9231595172859042E-5
15	file15	0.014141853443374337	0.34790235204461467	2.505110026751501E-5	2.662338766354002E-5	0.19313662354694358	2.805224771845591E-5	1.4332493561124184E-5	4.590183686601973E-6	2.608029329287238E-5	1.619621818845036E-5	0.02680909289560118	0.04535073477093153	2.249774411471585E-5	3.3276861515608E-5	0.37117447900797346	1.4509875065103338E-5	0.0012085733138613825	3.280525648643594E-5	1.6966281976141936E-5	1.530903316339305E-5
16	file16	2.3587756649536303E-5	0.3619303664581796	4.0907822141360876E-5	4.3475328257453506E-5	0.04095390937778705	0.006774472964311385	5.040234862931529E-4	7.495655513829306E-6	4.258846869104733E-5	2.6448020483753567E-5	4.2262040383650806E-5	0.03897144079654094	3.673825520630271E-5	5.434028516777095E-5	0.5143204633833065	2.3694264208679187E-5	0.015911517656427964	0.0038985212191763458	0.016368747491815862	2.4999269457892006E-5
17	file17	1.873451382564558E-5	0.4775639261154243	3.24909303954279E-5	3.453016539110998E-5	0.0607755761989207	3.638337711008909E-5	0.0038358919021557144	5.953404723584522E-6	3.382577950757284E-5	2.100627087076461E-5	0.028281607651573178	0.002704923456392968	2.9179262798020432E-5	4.3159628907954724E-5	0.4157505539146809	1.8819107175023607E-5	4.058172157549515E-5	0.010730995961454085	2.2005032947429612E-5	1.985560416993381E-5
18	file18	2.01912526121358E-5	0.22753193900371807	3.5017326274000575E-5	3.721512597761288E-5	0.09635723539456388	3.921243780058933E-5	0.014008058489161538	6.416323358849444E-6	3.645596919119808E-5	2.26396545721913E-5	0.028423637047182097	0.013611974320661382	0.0012656855666320287	0.0012807530034688157	0.5702675557718917	2.0282423682946308E-5	4.373723275618274E-5	0.03501591640316118	2.371607734873322E-5	0.011952361175984982
19	file19	0.022922455305703644	0.40620307043419235	6.955815864960089E-5	0.0017083772482308606	0.10232559162330022	7.789129724607582E-5	0.020470463786054976	1.2745337398114289E-5	7.24158683299898E-5	0.015572278509232715	0.02458866176851188	0.19375297183787601	6.246838013812969E-5	0.04585709332640515	0.1512860023532063	4.028885681612673E-5	8.687931657443223E-5	9.108874304348925E-5	4.710944113383693E-5	0.014752588407956273
20	file20	3.513969719561545E-5	0.5585152217785091	6.094214487361066E-5	0.002928761677877191	0.3287942989134837	6.824307620154433E-5	3.486684775018729E-5	1.1166600917251073E-5	7.794445285724854E-4	3.940075544406658E-5	6.295958212624494E-5	0.02583749482261363	5.473056139359902E-5	0.010104934193575894	0.02228275066193052	3.529836609460965E-5	0.050196023419084516	7.980578386031311E-5	4.1274099864482194E-5	3.724248863145669E-5
21	file21	1.5295489212234523E-5	0.18888022488770553	6.498416623162878E-4	2.8191592114517903E-5	0.004117238206200056	0.008444456717880968	6.38491694681766E-4	0.1991539936219759	2.7616507712373226E-5	1.7150228315678456E-5	0.13871498576217192	2.678838055780301E-5	2.3822934691645144E-5	0.00595672919665369	0.3721568160875961	1.536455407694786E-5	0.04148357782225918	3.473759319308101E-5	0.004069512959354622	0.035545164101329636
22	file22	4.662314192733841E-5	0.6099370634540393	0.02288044408784675	8.593256365160643E-5	0.08949861666619544	0.001990510043227097	4.626112690062441E-5	1.481577990022932E-5	0.06468300777809331	5.227668875138393E-5	8.353440033410696E-5	0.07323032841590647	0.0865210479939205	0.025756942757716016	0.024814707648082975	4.683366288191807E-5	1.009926055342855E-4	1.0588584092882089E-4	5.47622310230095E-5	4.9413113138844765E-5
23	file23	3.6854922038376175E-5	0.4333348619031093	6.391682847080974E-5	0.008328353064799333	0.2765070347409355	7.157412993816864E-5	3.656875437496433E-5	1.1711660574306215E-5	6.654277117842105E-5	0.0030451147370598158	0.012081195810872771	0.09318206117370584	0.013574460502323084	0.07142493524517951	0.08795190887918629	3.702133582019657E-5	7.983319977060699E-5	8.370123185780699E-5	4.328875471640221E-5	3.906035408861489E-5
24	file24	3.481563388545776E-5	0.4866813272118989	0.12633279874776082	6.416977816715576E-5	0.3378218362671983	6.761372879863115E-5	3.454530069661451E-5	1.1063620927517245E-5	6.286076949665889E-5	3.9037396045696156E-5	7.717745700859237E-4	0.04475289922840696	5.422582833362799E-5	7.896021131893554E-4	0.0015047832538611758	3.497283951718643E-5	7.541580069614294E-5	7.906980351467913E-5	7.502890744411482E-4	3.689903307811954E-5
25	file25	8.920573965401829E-6	0.3473595061100209	0.07090328666991232	0.1352485828487742	0.1323622349565695	1.732420759045096E-5	8.851308324158213E-6	2.834756624962927E-6	1.6106389033785297E-5	1.00022874777464E-5	0.0011065647209680411	1.562341203104959E-5	0.09198629092870175	2.055076878833486E-5	0.057277576750562706	0.004916578876085775	0.15833544540918829	2.0259519990446115E-5	3.7400511616615683E-4	9.454389223763696E-6
26	file26	1.582314932544215E-5	0.6806216698247953	0.07805041261626249	6.739820794912675E-4	0.02908476441418315	6.755473000266905E-4	3.3810925751191697E-4	5.028238939786013E-6	2.856921536256425E-5	1.7741872773009644E-5	3.507592108828244E-4	6.725304602792894E-4	2.464477257089889E-5	3.645257407781727E-5	0.14028698408637338	1.5894596773270524E-5	3.566842467430665E-4	0.042916329012437755	0.025811303050219704	1.677002097047523E-5
27	file27	2.337430810692069E-5	0.19291335740151747	4.053764217268531E-5	4.308191460671232E-5	0.5006598441459603	4.539409319377962E-5	2.3192813458041474E-5	7.427826395140861E-6	4.220308034278686E-5	2.62086890580821E-5	0.1052974836687641	0.11625074475102108	3.640580616722972E-5	5.384855317109523E-5	0.08435746999794372	2.3479851865918676E-5	5.063220067746848E-5	5.308540282179872E-5	2.7454804795204588E-5	2.477304796037851E-5
28	file28	4.822664891587904E-5	0.3095862548467245	8.363860987871508E-5	0.06592680444592629	0.001189778748169844	0.08165406251016395	4.785218312756263E-5	1.5325338150244364E-5	0.00401769667237567	0.00103673010663038	8.640739407030878E-5	8.446371386099586E-5	7.511366858412778E-5	1.1110212360217634E-4	0.3558403959462937	4.844441030531461E-5	1.0446603829901722E-4	1.0952756645176998E-4	0.17988259645302576	5.111257544379135E-5
29	file29	2.7795918238081827E-5	0.252626789357185	4.820596110235067E-5	5.1231521826036054E-5	0.1394447853062806	5.39810845794652E-5	2.7580091082992585E-5	0.03512336656292216	5.018644253499752E-5	3.1166465969962397E-5	4.9801777953375784E-5	0.06914502192393913	0.0011760194166217587	0.0011967617276818	0.5001675766294561	2.7921427223512683E-5	6.265735066622106E-4	6.312732380016292E-5	3.264830367766286E-5	2.9459251262752135E-5
30	file30	6.246781604077088E-5	0.5244705752420303	1.0833680990198534E-4	1.1513637554642663E-4	0.4101196496838702	1.2131567060703911E-4	6.198277176537629E-5	1.985085893075312E-5	1.1278769181734686E-4	0.005161363983340395	1.11923206747405E-4	0.056113939720442776	9.729448213259084E-5	0.0014167405285336245	1.54290872364078E-4	0.0013355802033658732	1.3531450784303755E-4	1.4187068822544093E-4	7.337293953416842E-5	6.620594696019806E-5
31	file31	2.1509814070141345E-5	0.16130894403857854	3.73040836968437E-5	3.9645407630342435E-5	0.021129781038258	4.177315110310235E-5	8.979011685973961E-4	0.012278652539337421	3.883667517379074E-5	2.4118105489273497E-5	3.8539003279695287E-5	0.011871210113548837	3.3501831076611016E-5	0.0018026699696154053	0.7902704999372171	2.1606938939973894E-5	4.6593431452714226E-5	4.8850949483179134E-5	2.526482254685544E-5	2.279698090488784E-5
32	file32	2.3621815921789476E-5	0.1285349188993936	4.09668905246878E-5	4.353810396196061E-5	0.019353965346725833	4.587476593767212E-5	2.3438399447299464E-5	0.04236303867021202	4.264996382479599E-5	2.6486209801355813E-5	0.017369586233397103	0.0029292482282252817	3.679130299099751E-5	5.441874920292033E-5	0.7889301311987085	2.3728477271307925E-5	5.116833912889788E-5	5.364751794382719E-5	2.7745520512282787E-5	2.5035366867969936E-5
33	file33	3.238073430373858E-5	0.18411278118207566	0.40516269709852504	0.052842292984372694	0.05819994057016293	6.288503017685978E-5	3.21293073962115E-5	1.0289864917290948E-5	0.15774651497650338	3.6307239254187205E-5	5.801636506300691E-5	5.671132326881181E-5	0.001369998714901052	7.459710400402016E-5	0.13863433200619288	3.252694545154662E-5	7.01414488870048E-5	7.353990185791433E-5	0.0013575987757946566	3.431842689115928E-5
34	file34	4.596810826696549E-5	0.4571257929294101	0.07220068958294533	0.004767904985761739	0.3364497282992458	8.927240032377926E-5	4.5611179384562144E-5	1.4607625019666969E-5	0.0010196328749806222	0.0019248141193761188	8.23607805016387E-5	8.050812633000217E-5	7.159596047875669E-5	0.06660705124892098	0.006669989446996057	4.6175671499140286E-5	0.021642200487111296	1.0439819365542682E-4	0.03096297909812348	4.87188816685547E-5
35	file35	5.061398201461607E-5	0.17537311678242937	0.031026756024802267	0.013500178284493933	0.47255242685715726	0.015567783476072659	5.02209792847769E-5	1.6083978608121362E-5	9.138520548545189E-5	0.08152939117285567	0.049593048133994365	8.864486731609766E-5	7.883197270041085E-5	1.1660194129587713E-4	0.11975572425830887	5.084252310747937E-5	0.04033030759197196	1.1494943984526499E-4	5.944975952926054E-5	5.364276872617137E-5
36	file36	2.995017946807397E-5	0.43819629913481145	5.1942057610039554E-5	0.0061577840426200025	0.3534681237301214	5.8164769272534495E-5	2.9717625106183864E-5	9.517489569083678E-6	0.01653104725607568	3.3581954054935005E-5	5.3661554720262644E-5	5.245447165714113E-5	0.037882655812500915	0.10564366518779833	0.04035101549212751	6.40343609238832E-4	6.487650843896967E-5	6.801986755608512E-5	3.517863832015865E-5	6.42000618932523E-4
37	file37	3.776236396021872E-5	0.2862697402818152	0.030842991654125605	6.960098806090637E-5	0.09326412210685836	7.333642822651313E-5	3.746915027635443E-5	0.19314081921078782	0.002376493767255822	4.234144816626535E-5	6.765859824572409E-5	6.613666045538798E-5	0.013139253353745363	8.56432557859264E-4	0.32094871884544907	0.0069628706149084995	0.03701480013142305	0.014705075129748562	4.4354610471927054E-5	4.0022098160278236E-5
38	file38	6.906048720153943E-5	0.185816556181631	0.007155575973711895	1.272875329060009E-4	0.5687896937308694	0.004355602340419003	6.85242527676158E-5	2.1945860701006232E-5	1.2469097594446546E-4	0.10842884123521478	0.018416829848874685	1.209519085654569E-4	0.002921884903197697	1.5909807041487438E-4	0.050828374693182764	6.937232117686573E-5	0.001556756329006075	1.5684330699302843E-4	8.111650563118091E-5	0.05073099354159052
39	file39	3.416131886511273E-5	0.16221804305363216	5.924536093074452E-5	6.296378979293528E-5	0.04817509252823891	6.6343015805726E-5	3.3896066240551024E-5	1.085569441450029E-5	7.577428151986039E-4	3.830373844026833E-5	0.0014533334934979944	0.09611658356903532	5.320672369557731E-5	7.869912499177287E-5	0.531876838692526	0.15595252454931952	0.002162188756635526	7.736472212883156E-4	4.012492419874956E-5	3.6205563251930146E-5
40	file40	2.543355770684452E-5	0.6203457843809415	5.623374750645583E-4	4.687738162169352E-5	0.19392669575407992	4.939326047696088E-5	2.5236073588613603E-5	8.082209338265015E-6	4.592112307217596E-5	2.8517644352523698E-5	4.556915093185458E-5	0.11560950257746254	0.03320623796983435	0.03063407483601512	6.281900112131301E-5	5.437769130948138E-4	5.509283919183244E-5	5.7762165617195346E-5	0.004693930161558854	2.6955524929020805E-5
41	file41	3.235938414390188E-5	0.03366013133246307	0.7484156598731918	0.051488756320761796	0.02849092404010633	6.28435670823846E-5	3.2108123014105865E-5	1.0283080319430334E-5	0.12665316742641197	0.002673673748004947	5.7978112111247985E-5	5.6673930793243396E-5	5.0400185598863344E-5	7.454791858163594E-5	0.002057968114611918	3.250549888773877E-5	7.00952012901817E-5	7.34914134992405E-5	0.005972136930007789	3.4295799118342356E-5
42	file42	1.336306829211951E-5	0.6504976576891326	0.02153352494159024	2.4629886985801387E-5	5.739155818445268E-5	0.0817108237036522	1.3259307985010819E-5	4.246480833838526E-6	0.09532314472925227	2.872663875021304E-4	0.008736995535957014	2.3403956150867794E-5	0.002471359320941781	3.07851633582309E-5	0.10731247094395244	1.3423407552338276E-5	0.0019349267233107887	0.017184171979842428	0.012812992489072632	1.4162726450947829E-5
43	file43	3.274804637502938E-5	3.380432084224663E-5	0.1335101757702618	6.0358943289874116E-5	0.024162254604092628	0.004734466718653658	3.2493767396968144E-5	1.040658838503628E-5	5.912767239623536E-5	3.671909178131678E-5	0.5872535527344025	5.7354630286500536E-5	5.100553236618696E-5	0.24696419893047275	8.088524561391425E-5	3.2895916074463935E-5	0.002740004729485081	7.437410448656915E-5	3.8464934086521046E-5	3.470771925082569E-5
44	file44	3.071878137728245E-5	3.1709602755182827E-5	0.0933152142237742	5.6618741828191546E-5	0.008894797453028251	0.02509641963285656	3.0480259046928784E-5	9.761733870239445E-6	0.14213908925086344	3.4443757037754806E-5	0.5896707884558506	5.380059404365895E-5	4.7844924239008004E-5	0.13902479858865602	7.017921665719204E-4	6.567765431761747E-4	6.654141359595299E-5	6.976543973615983E-5	3.608141650234119E-5	3.255702119022223E-5
45	file45	1.2319825653878034E-5	1.2717196450588583E-5	2.1366052064613148E-5	0.013327086463470023	0.2942554142187492	0.001781107913123528	1.2224165819966555E-5	3.9149619213034394E-6	2.224384950781917E-5	1.3813734222005563E-5	2.207335682827498E-5	2.157683049182153E-5	1.9188297797629855E-5	0.02588406253266389	0.0012855591885672021	1.2375454282702567E-5	2.6686560387808336E-5	0.6629877157955172	1.4470520662728374E-5	2.64083081817977E-4
46	file46	4.533122543795982E-5	4.6793365055372125E-5	0.024093750197618162	8.355139216966072E-5	1.9468804659401835E-4	8.803554153158931E-5	4.497924176398355E-5	1.440523806274568E-5	8.184701512635422E-5	5.0828113785902604E-5	0.7953515878378742	0.0444150229760415	7.060400671833063E-5	0.12295107402844827	1.1196476460119245E-4	0.009282125554676389	0.0028691710163030217	1.0295176874422088E-4	5.3244782255527336E-5	4.804388719188706E-5
47	file47	7.56010069044354E-4	3.650837286637919E-5	6.133740235028496E-5	6.518713444150678E-5	0.524058967313736	0.0022306130762099912	3.5092986529679015E-5	1.1239025058389119E-5	6.38573725718849E-5	0.025982784983539665	0.22418317405011395	6.194250249500722E-5	5.508553189288595E-5	0.20618522264779868	0.015220847094619268	7.561697670352643E-4	7.661145292083299E-5	8.032338679040462E-5	4.1541794685500924E-5	3.748403530022048E-5
48	file48	3.79375072105075E-5	3.91611655551129E-5	0.05649524741374199	0.0023889424196495428	1.6293358717091425E-4	7.367656531161968E-5	3.76429335906584E-5	1.2055681654192824E-5	6.849741423302512E-5	4.253782937962333E-5	0.7398349120582492	0.0016124558178255404	0.02943332403739455	0.031780652985477144	0.12995874552736458	3.810880927000353E-5	0.007812240304389616	8.615989158320363E-5	4.456032880702731E-5	4.020772214193765E-5
49	file49	0.049093576774053675	1.6799315865414007E-5	0.010307929614317255	2.99958386491819E-5	0.0478207838838908	3.1605695974672214E-5	1.614802630428119E-5	5.171633714441884E-6	2.9383949158644415E-5	0.025883312602404486	0.6688732053798366	0.07231804281722792	0.08060497244624377	3.7492124645741854E-5	4.0196541627352275E-5	1.6347877166235715E-5	3.525273507082518E-5	3.696078023007379E-5	0.01858890553370931	0.026213916429909345
50	file50	7.350832357144288E-5	7.587930364235373E-5	0.1064705206912874	1.3548547852202853E-4	0.00630685972408524	1.4275689682265326E-4	0.010557462281078695	2.3359282490370537E-5	1.3272169047137062E-4	0.0015802112285962751	0.7939600052578917	1.2874180869107727E-4	1.1449022436850663E-4	0.0031649232654536556	0.019652820316390474	7.384024119449643E-5	1.5922987638858075E-4	1.669447903953056E-4	8.634080911593539E-5	0.0569938985095423
51	file51	4.2103421606446166E-5	4.346144976837288E-5	0.1930982582790637	7.760212648870919E-5	0.01390706453324142	8.176698259633736E-5	0.004331226258042445	1.3379515017238495E-5	7.601910938433172E-5	4.720890475632795E-5	0.5045147278868496	0.1596412705156353	9.234666093150172E-4	0.04384938326410825	0.028414360725798192	4.2293534330326346E-5	9.1202224349668E-5	9.535110532814617E-4	4.945349467148191E-5	0.04980224011169566
52	file52	5.803564436726269E-5	5.990755967578573E-5	0.03084620599671052	1.0696730201976111E-4	2.4925084476595685E-4	0.10535711079110725	5.758501460535771E-5	1.844241502757156E-5	1.0478526041383902E-4	6.507307726711582E-5	0.7427274073611594	1.0164309919449945E-4	9.039131382884752E-5	0.08527523879362038	1.4334373706601333E-4	5.8297697046399646E-5	1.2571376994810005E-4	1.3180478092297474E-4	0.03436128699114975	6.150855010317878E-5
53	file53	3.474169706329237E-5	3.586227589524778E-5	0.23295576250584768	6.403350290954169E-5	1.4920825702959302E-4	6.747013973578166E-5	3.447193797219424E-5	1.104012547786625E-5	7.706163641240716E-4	3.895449360540951E-5	0.31294922426158694	6.0846291951940826E-5	5.411067071680949E-5	0.3795085884036194	0.06450371660368456	3.4898568842566276E-5	7.525564262856685E-5	0.008573570965394798	4.0806620104593144E-5	3.682067180927843E-5
54	file54	7.933052341230105E-5	8.18892960911894E-5	1.3758150002769648E-4	1.4621655621723523E-4	0.003573550047205092	1.5406390454069017E-4	7.871454515847384E-5	2.5209445903032443E-5	1.4323386334645765E-4	8.895018459657866E-5	0.9392827925007146	1.389387564876691E-4	0.035684822481575486	1.8275766232384431E-4	1.9594050885970106E-4	0.01947674187640874	1.7184162041874413E-4	1.8016759136323918E-4	9.317940127354046E-5	8.407773407560193E-5
55	file55	6.254742830406254E-5	6.456486930652977E-5	0.002657379847008035	1.1528311138618237E-4	0.019385415257033713	1.2147028166473109E-4	6.206176586278656E-5	1.9876157907216922E-5	1.1293143437129113E-4	0.0038934894129923755	0.9304623787987663	1.0954499650661032E-4	9.741847932697507E-5	1.4409361352387372E-4	1.5448750874954298E-4	6.282985337815118E-5	1.35486959753611E-4	0.001416503979171193	7.346644985917906E-5	0.04084876979512759
56	file56	2.275652814921499E-5	2.3490530396898836E-5	0.10714999776581886	4.1943265143298465E-5	0.08356048632612963	4.4194333147618566E-5	2.2579830380568358E-5	7.2315098986163395E-6	4.10876583559646E-5	2.5515996776293025E-5	0.6014362679377688	3.985557622752686E-5	3.5443605391431185E-5	0.007007654662855381	0.06960850013687545	2.285928240023389E-5	9.76657907460122E-4	0.12988262966950123	2.6729177834713814E-5	2.4118299488201374E-5
57	file57	8.540472325023745E-5	8.815941669105801E-5	0.28379870119539824	0.007118162662944417	0.04213129862259744	1.6586030904856464E-4	8.474158061568224E-5	2.7139689214586368E-5	1.5420103048594924E-4	9.57609451162448E-5	0.24203910108399873	1.495770547849626E-4	0.05755921115035605	1.9675109782785105E-4	0.2264353365318014	8.57903575751886E-5	1.8499923362990832E-4	0.11852672222958102	0.020982565665526826	9.051541955565122E-5
58	file58	5.7830487005746515E-5	5.969578504983034E-5	0.048412280991837066	0.0024632714441653433	0.06741381454797413	0.0024689920162191863	5.738145023059959E-5	1.837722065869199E-5	1.0441484206513856E-4	6.484304241554466E-5	0.8461525509208867	1.0128378845927077E-4	9.007177841830304E-5	0.0013115680988815815	1.4283701359965131E-4	5.809161332252778E-5	1.2526936882823668E-4	0.030768208410748486	6.792606329529347E-5	6.129111593858163E-5
59	file59	4.516435957562643E-5	4.662111700480636E-5	0.07185852525082471	8.324383650645399E-5	1.9397139293052154E-4	8.771147955418347E-5	0.054340091278517605	1.435221186616188E-5	8.154573333600941E-5	5.064101368093695E-5	0.14640209256487277	7.91004481892334E-5	7.034411084409775E-5	0.5154490551705242	0.01759647252562107	4.536829358131095E-5	0.0019383505526711666	0.19151643283766703	5.304878630748085E-5	4.786703592460566E-5
60	file60	8.337352515846282E-5	0.05274887509027611	0.06809660918862151	0.0018524687381254944	0.024141277289662037	1.6191561921854802E-4	0.0034803269533503806	2.649422040623365E-5	1.5053363567506717E-4	0.02217788863746822	0.7781999628485196	1.4601963293883958E-4	0.035804663802715055	0.008686073723939472	0.0019047268228864983	8.37499878629795E-5	0.0018793997584061503	1.8934965464924023E-4	9.792819739703631E-5	8.83626727229155E-5
61	file61	1.0147382071153482E-4	1.0474681613486802E-4	0.18832831174889644	1.8702955649912073E-4	0.05005840052015741	0.002264675307038142	0.006303509890640233	3.224608490865938E-5	0.010521254287267925	1.1377858982601333E-4	0.062210049872438125	1.7772032578732718E-4	0.00429326286015854	0.3868764653020178	2.5063281081381543E-4	1.0193201303229969E-4	2.1980727002801295E-4	0.28762796852182	1.1918829540173263E-4	1.0754610642209378E-4
62	file62	5.103504120701902E-5	5.2681155003946425E-5	0.05936159193596435	0.0052934574989758395	0.12084510758587057	9.911264137114187E-5	5.0638769076009425E-5	1.621778169520916E-5	9.214544167489398E-5	5.7223577268802324E-5	0.6770524372608514	8.938230655239415E-5	0.006318759649953166	0.0011574506015413946	1.2605276649704466E-4	5.126548353989865E-5	1.1054943043262025E-4	0.12906085772422818	5.994432381247998E-5	5.4089024483554334E-5
63	file63	4.313967626004878E-5	9.235355740866703E-4	7.481636468878256E-5	7.951207968574514E-5	0.007217311371029715	8.377944175033462E-5	4.280470932285579E-5	1.3708813306321888E-5	7.78901011673411E-5	0.005322397490435903	0.9001778454995297	7.555443626283195E-5	6.719063874987478E-5	0.01416345414363775	0.05987885410872341	4.3334468061954296E-5	9.34469048481951E-5	0.0018559834317242	5.067065023829668E-5	0.009714770096489989
64	file64	2.4216251177721322E-5	2.4997336177962765E-5	0.018792145769662826	0.019288206633179473	0.0440188239121276	4.7029189387641494E-5	0.0034780028434391085	0.0014879702158662105	4.3723236186481385E-5	2.7152726590499464E-5	0.7974181013890389	4.241212185048988E-5	0.04345911242163267	5.578817919158135E-5	5.9812344282368574E-5	0.03703119657181812	5.245597361332534E-5	5.4997540150614045E-5	5.218686737786508E-4	0.03407198667084773
65	file65	4.3950971343330847E-5	4.53685914452358E-5	0.027837815007753088	8.100740289868999E-5	0.025263746133660708	8.535501799625813E-5	4.3609704937695655E-5	1.3966624532488892E-5	0.03948290432938819	0.05109478767740706	0.7236711994595696	0.08694389107216448	6.845424199371362E-5	1.0125203306453807E-4	0.0036906964946635343	4.4149426446513756E-5	9.520428972040094E-5	0.013532845280363503	5.162357462180917E-5	0.02780817266602922
66	file66	4.188781081453453E-5	4.3238884541019676E-5	7.264527696090322E-5	7.720472752900812E-5	1.798993074816058E-4	0.012030302250164712	4.156256424546701E-5	1.3310998784633334E-5	0.14431657446701834	4.6967148885868375E-5	0.7776105565040492	7.336193051840796E-5	6.524084111101545E-5	0.02996888401448743	0.03338983162818681	4.2076949974904095E-5	9.073517955696822E-5	9.513142807228108E-5	0.0017561936721109063	4.439441550599247E-5
67	file67	4.545718625065988E-5	0.002825599929699363	0.05472614088727803	0.0010100090681357972	0.032613122000248	0.013055437355244053	4.510422452790591E-5	1.444526555981841E-5	8.207444150723817E-5	5.096934867330369E-5	0.8429466628068252	7.961330216202413E-5	7.080019241550074E-5	0.013071879166487391	1.1227587846601038E-4	4.566244247849859E-5	9.846697347995565E-5	0.001029463352081632	0.0028320692733011486	0.035244746905178495
68	file68	0.0012175211063739932	5.879513559968269E-5	0.10803115196177401	1.0498102511636949E-4	0.007208001262143371	1.1061528906536828E-4	5.6515717891947464E-5	1.8099957638067048E-5	1.0283950186289946E-4	6.38647346430828E-5	0.8124962397948892	9.975568746673725E-5	0.015176033480709507	1.312169239584848E-4	0.021030818262212345	5.721516652559813E-5	0.002444505642631255	1.2935729662487088E-4	0.031402105655653344	6.036639721978195E-5
69	file69	4.0140559210145365E-5	4.143527607074651E-5	0.08922018137992589	7.39843137279918E-5	9.90290334524143E-4	8.958501081016773E-4	3.982887953747502E-5	1.2755761747170333E-5	7.247509691414481E-5	4.500802462874813E-5	0.7067332894046682	7.030180996527327E-5	6.251947272039603E-5	9.247379760109462E-5	0.10806129792474437	4.0321808874860174E-5	8.695037474209254E-5	0.09333120509380406	4.714797171508988E-5	4.2542606776665195E-5
70	file70	5.307721408160275E-5	5.47891973059874E-5	0.24883463710967135	9.782826486952823E-5	2.2795543311182175E-4	0.023895847764529864	5.266508507700666E-5	1.6866738041291656E-5	9.583265181628846E-5	0.08333420530420649	0.4099796206850785	0.06714530828699143	8.266849050300928E-5	0.1580197444058677	1.310967820286927E-4	5.3316877590173284E-5	1.149730782399062E-4	0.007690970225523599	6.234300262570045E-5	5.625340284008278E-5
71	file71	6.800780979581569E-5	7.020137310753316E-5	1.1794472143689081E-4	1.253473104235062E-4	0.0016777911927029357	1.3207461977717526E-4	6.747974909329241E-5	2.161134363277746E-5	1.2279033234356926E-4	7.625447274445696E-5	0.9036060744437485	1.1910825894053531E-4	1.0592309855585552E-4	0.08329939308155548	1.6797424603604252E-4	6.831489053823755E-5	1.473149518465244E-4	0.009854436584379532	7.988006036168818E-5	7.207745897955438E-5
72	file72	0.010637460683482217	1.0673295330288487E-4	0.1097335740875116	0.004404200996820236	4.440721491425123E-4	0.0339098048820915	1.025950432313111E-4	3.28575130181081E-5	0.002293500854400395	0.004329561095639418	0.7775990909842951	1.8109013651363884E-4	1.6104364674664505E-4	2.3820286618209176E-4	0.04449844883874359	0.010637927563730998	2.239751044779006E-4	2.3482701688206132E-4	1.2144826197852246E-4	1.0958532180946547E-4
73	file73	0.002062472214514862	9.959854731728156E-5	1.6733466026172644E-4	1.7783712021111285E-4	0.051530019502373195	1.873815238220374E-4	9.57372297081945E-5	3.0661201285936686E-5	1.742093948403605E-4	1.081864125386768E-4	0.8593086670075499	1.6898543488310966E-4	1.5027892299696879E-4	2.222805488312849E-4	0.06314985977102064	0.021722765847426693	2.090038207593785E-4	2.1913035317155322E-4	1.1333023300632807E-4	1.0226025348091409E-4
74	file74	7.242357111114132E-5	7.475956294751916E-5	0.007504035757247682	0.00603623242581016	3.1104395371548706E-4	1.4065025246552977E-4	7.186122331674805E-5	2.3014572695326966E-5	1.3076313430685307E-4	8.120569161000325E-5	0.8589793458205748	1.26841983107576E-4	1.1280070750116153E-4	0.01492371149441245	0.08281732888519165	7.275059067040112E-5	1.5688014248398213E-4	1.644812085406626E-4	8.506668938959024E-5	0.02811480233290115
75	file75	4.549932888993272E-5	4.6966890613510895E-5	0.00842266649223903	8.386122887284192E-5	0.03635169392131412	0.0019425304124001598	4.514603994194143E-5	1.4458657537322936E-5	8.215053142540615E-5	5.101660155128136E-5	0.8910094396800902	7.968711039678449E-5	0.02139380249259176	0.021427755723594042	1.1237996765928212E-4	4.570477540757777E-5	0.01864024231494801	1.0333354857799804E-4	5.344223184155164E-5	4.822205010729746E-5
76	file76	3.696596004788726E-5	3.815828154724025E-5	0.16953639938298093	6.813311122850691E-5	1.5876099714192055E-4	8.24999949094186E-4	3.667893020688897E-5	1.1746945942075716E-5	6.674325394843777E-5	4.144847189473433E-5	0.7645745620552422	8.179520235972056E-4	5.757499088884188E-5	0.00535763155994556	0.052062805441083354	3.713287520792437E-5	0.0015864940798919476	0.004603214476557685	4.341917683893222E-5	3.917803671359187E-5
77	file77	3.05467035031742E-5	3.153197458159375E-5	0.23345778954070928	5.630157974390118E-5	0.010089796997196896	0.0031713874218002873	3.030951730705811E-5	9.70705141420805E-6	5.5153075601414376E-5	3.425081290971264E-5	0.4618850535514991	0.08034475487053606	4.757691058479426E-5	7.037195626360955E-5	0.12767007916706044	3.068463331474229E-5	6.616866752731444E-5	6.937463359028507E-5	0.08032713495078642	0.002522025984069705
78	file78	3.323594580378084E-5	0.012901264466413043	0.05220267477700108	0.004124507629851353	1.4274137314241488E-4	0.00819104474221893	3.297787842971213E-5	1.0561631787325533E-5	6.0008590825846586E-5	3.7266154152586575E-5	0.6454389988118419	5.820913290423141E-5	5.176544243287118E-5	0.24793478215765286	8.209032101528358E-5	3.3386018551942556E-5	7.199396319860479E-5	7.526904104467527E-4	0.02645015926265712	0.0013896412896725685
79	file79	4.939973860448021E-4	2.3855556299055335E-5	0.0023945157036674037	4.259503323621233E-5	0.49782706362631085	4.4881081213960395E-5	0.007086239272546723	0.02025549511028587	4.172613093642468E-5	0.07489698331655163	0.13706959252917747	4.047490314022785E-5	3.59943734590349E-5	0.24256016749225812	0.017009020914857436	2.3214499163747122E-5	5.005999130649879E-5	5.248546909286935E-5	2.7144529982501247E-5	2.4493080469320624E-5
80	file80	6.343674661602845E-5	6.548287220674259E-5	1.1001720877284373E-4	1.1692224163975155E-4	0.072656537430597	0.013048927738610392	6.29441788788167E-5	2.0158763150592947E-5	1.145371277675845E-4	7.112912002830873E-5	0.8777707503809137	1.1110254050192823E-4	0.03499827556501739	1.4614238023768914E-4	1.5668405901909322E-4	6.372318729550576E-5	1.3741335445293786E-4	1.4407122693908423E-4	7.451101813235057E-5	6.72328592222139E-5
81	file81	0.0010483957180603314	5.062792594130962E-5	0.010078557033912978	0.035067639374123605	0.018198937571551492	9.524976183247794E-5	4.866514127010374E-5	1.5585699488476826E-5	8.855410623773009E-5	5.499330893266682E-5	0.8745189059346835	8.589866331250809E-5	0.013067936510522188	1.1298963155129585E-4	0.046091228369529974	4.9267429763242396E-5	0.0011055905553779698	1.1138832433490176E-4	5.7608015358675663E-5	5.198092421447352E-5
82	file82	2.9167005683370384E-5	3.0107775188693182E-5	0.06720653112571616	5.375861576037021E-5	1.2526613403080278E-4	0.01134835176118449	2.8940532436284448E-5	9.268614655507893E-6	5.266198591133245E-5	0.002409905486975542	0.7756143047414493	5.1082828220541984E-5	4.542801226586368E-5	6.719347795015937E-5	7.204034071237722E-5	2.9298705642336317E-5	6.318003844931022E-5	0.024432558367597786	3.425874442291888E-5	0.11829669570574673
83	file83	3.1813995611042206E-5	3.284014266357994E-5	0.05450690575093995	5.8637365262051536E-5	0.009211922948903908	0.014322952119041017	3.15669692632907E-5	1.0109768180245225E-5	5.744121308986895E-5	3.567177752817079E-5	0.9211987889456348	5.571874228195206E-5	4.955073546231618E-5	7.329147996209432E-5	7.857820950569086E-5	3.195764772130684E-5	6.89138092456931E-5	7.225278132973154E-5	3.7367824333506074E-5	3.3717774039706E-5
84	file84	4.1219379323303094E-5	4.254889307307433E-5	0.1268928983138136	0.004275357233415138	0.006056166853165904	9.199270301479039E-4	4.089932292877447E-5	0.010931498319570944	7.442294203121717E-5	4.6217663038835846E-5	0.614023868278234	0.0168697292967584	6.419974987552177E-5	0.09668080292265872	0.020258854470956936	8.812824028184618E-4	0.010167810088948393	0.09080031882874794	8.882920260267741E-4	4.3685984466461475E-5
85	file85	5.066623406314041E-5	5.2300452140703516E-5	0.002152597364493663	9.338451257539593E-5	0.18501074120696648	9.83963991712369E-5	5.0272825611465244E-5	1.61005831272136E-5	9.147954827377575E-5	5.6810048375792995E-5	0.05687079359811421	8.873638107818611E-5	7.891335598421615E-5	0.7217390974930874	0.024901875751833846	5.0895011093580617E-5	0.0021744783657035335	1.1506810949877903E-4	0.006253694611222545	5.369814758479685E-5
86	file86	8.130179239729109E-5	8.392414752848871E-5	0.02333322150907816	1.4984986342315233E-4	0.04010726765083417	0.0034710666765312716	8.06705078177904E-5	2.5835870596831028E-5	1.467930541883952E-4	0.0017477477244646795	0.8963593613944063	1.423912190417578E-4	1.266286591896071E-4	1.8729897247801903E-4	0.001857396630807461	8.166890045215341E-5	0.025024920186404655	1.8464454134009566E-4	0.006721843733430317	8.616696558930418E-5
87	file87	3.0357752952528066E-5	6.4989974964088E-4	0.009949654027062105	0.0012930789593654612	0.027965707048130124	5.8956297674230584E-5	0.02044269509820857	0.01361802905007425	5.481191918158556E-5	3.40389501154607E-5	0.7874848618277857	5.3168292147308444E-5	0.019222730041550482	6.993666150636436E-5	0.03347737368519617	3.049482958156392E-5	6.575937275141471E-5	6.89455079002938E-5	3.565736267016735E-5	0.08539384356650535
88	file88	8.050164441864526E-5	8.309819111320638E-5	1.3961255412687812E-4	1.483750857856253E-4	0.00854715555662904	0.023120308632972167	0.039446682890420734	2.558160166837259E-5	1.4534836075514186E-4	9.026331635492901E-5	0.9219836155796046	0.0017812734437258838	1.2538241771446133E-4	1.8545563188475896E-4	1.9883309088297545E-4	8.086513950558421E-5	1.7437844133937115E-4	1.8282732486595815E-4	0.003375122160203494	8.531893602797038E-5
89	file89	4.3872392798000055E-5	4.528747838196298E-5	7.608710180295122E-5	0.03583822716706248	0.06991528362799147	9.791365293394792E-4	0.006301070540608746	1.39416540482106E-5	0.06265460108569174	4.919238232922834E-5	0.6651655873617194	7.68377093368265E-5	0.08231027042269862	0.05641892024446457	0.002790163900786981	4.4070493089608956E-5	0.017079782259490233	9.963861320662775E-5	5.153127847283742E-5	4.649775668010569E-5
90	file90	0.07970342728976848	3.391748090514966E-5	0.07236304765093697	6.056099502909755E-5	0.008175123781209128	0.05027635514225061	3.2602540378379505E-5	1.0441424470096301E-5	5.932560245254065E-5	7.06342594083863E-4	0.7385180161828953	0.04223608348230926	5.117627353498297E-5	7.451964307444168E-4	8.115600921021048E-5	3.300603524974957E-5	7.117456319043657E-5	7.462307201889536E-5	0.006733599545919877	3.482390344254405E-5
91	file91	2.01663625330104E-5	0.07480558439313564	0.042769127058747636	3.716925029827599E-5	0.611102815662051	3.916410000311312E-5	2.0009776640912227E-5	0.028769780557338517	0.002090937611013954	0.011527960603702442	0.22439043466849065	3.531918374789801E-5	3.14093868411654E-5	4.6458249808252935E-5	4.607147360468693E-4	0.0020747840028932027	0.0016873045825137305	4.5799836025876626E-5	2.3686842161937568E-5	2.1373136006054868E-5
92	file92	6.819681207779597E-5	7.039647157865448E-5	0.1168415704171657	1.2569566641057976E-4	2.928909156787844E-4	0.011248946234897939	6.766728382797039E-5	2.1671404282804543E-5	0.005681383863712224	7.646639354301198E-5	0.6518272678254576	1.1943927581653895E-4	1.0621747220796379E-4	0.1849689967405972	0.02657013940499865	6.850474623633643E-5	1.4772435868012785E-4	0.001544444884374466	8.01020571255659E-5	7.227777132996496E-5
